-0.59
-1.12
-1.04
-0.57
0.36
-0.73
-0.63
-1.07
0.31
0.95
0.72
-0.59
-0.16
-0.63
0.46
0.22
1.28
0.06
-0.17
-0.02
-0.42
-0.95
-0.92
1.47
-0.12
-1.36
0.17
-1.1
-1.22
0.31
0.34
0.17
-0.99
0.67
-1.43
-0.63
0.06
-1.43
-0.23
-0.82
-0.28
0.4
-1.31
0.79
0.27
0.53
-0.95
0.84
0.58
0.33
0.12
0.21
-0.66
-0.46
1.41
1.04
-0.53
1.42
-0.05
0.07
-0.6
0.75
-1.25
0.24
-0.78
1.03
0.41
-0.88
-0.86
-0.86
0.09
0.77
1.28
1.42
0.32
-0.88
-1.1
1.13
-0.95
0
-1.12
-1.14
-1.31
-0.61
-0.41
1.25
0.91
1.28
1.06
1.12
-0.56
-0.93
1.42
1.02
0.89
-0.04
0.04
-0.18
-0.51
-0.78
-0.72
-0.15
-0.7
-0.56
0.46
-0.89
-1.48
1.01
0.16
1.47
