4
132
-0.58
-0.30
0.52
0.32
-0.97
0.36
-0.27
-0.78
0.13
-0.34
0.36
-0.21
-0.35
-0.07
0.20
0.16
0.78
-0.05
0.81
-0.88
0.59
0.17
0.23
0.19
-0.32
0.85
0.54
-0.49
-0.04
0.28
0.36
-0.08
-0.44
-0.35
0.20
-0.51
0.07
0.06
-0.53
-0.84
-0.26
-0.86
0.48
-0.15
0.87
0.51
-0.02
0.57
-0.83
0.30
0.96
0.19
-0.23
0.91
-0.87
0.64
-0.16
-0.78
0.66
0.37
-0.93
-0.04
0.00
0.64
0.01
-0.49
-0.69
-0.92
-0.45
-0.62
0.69
0.17
0.01
-0.62
0.47
0.20
-0.21
0.78
0.45
0.55
0.21
-0.84
0.45
-0.29
-0.28
0.25
-0.71
-0.25
0.20
-0.28
0.58
-0.52
-0.12
-0.67
0.25
-0.27
-0.13
-0.65
0.38
0.68
0.36
-0.59
0.83
-0.03
0.10
-0.62
0.52
0.91
0.63
0.85
-0.95
-0.63
0.07
0.81
0.45
-0.02
-0.89
0.41
-0.71
-0.74
-0.73
-0.18
-0.03
0.01
0.51
0.45
0.32
-0.65
0.16
0.91
-0.81
0.33
-0.66
0.16
0.31
0.66
0.61
0.71
-0.54
0.88
0.63
0.33
0.64
-0.75
0.25
0.53
-0.70
-0.44
0.42
0.50
-0.56
0.51
-0.74
-0.79
0.69
0.54
-0.57
0.37
0.94
-0.57
0.12
-0.02
-0.26
-0.63
-0.45
-0.73
-0.61
-0.07
-0.61
0.53
0.56
0.50
0.12
0.57
0.86
0.33
-0.25
-0.26
-0.15
-0.23
0.41
-0.57
-0.87
0.36
-0.41
-0.59
0.47
0.40
0.84
-0.71
-0.83
0.66
0.06
-0.49
-0.94
-0.68
0.01
0.16
-0.75
0.52
-0.97
-0.70
-0.25
-0.92
0.55
0.43
-0.47
-0.92
-0.90
-0.78
-0.90
-0.28
0.35
-0.61
0.24
-0.91
0.49
0.76
0.38
-0.76
-0.18
0.85
-0.11
-0.85
-0.44
-0.21
-0.42
-0.62
0.72
0.07
0.17
0.41
0.34
0.56
-0.28
-0.16
-0.59
-0.92
0.43
0.34
-0.86
-0.89
-0.73
0.31
-0.50
-0.39
-0.90
-0.91
0.23
-0.87
0.70
0.56
-0.81
0.10
-0.79
-0.47
0.71
-0.78
-0.07
-0.50
-0.40
-0.75
-0.24
-0.91
0.74
-0.59
0.31
-0.99
0.46
-0.05
-0.11
-0.08
0.88
-0.74
0.62
-0.84
0.42
0.23
0.64
-0.06
0.40
-0.60
0.52
0.87
0.66
0.75
-0.89
-0.67
0.32
-0.36
-0.18
0.99
0.59
-0.44
0.15
-0.92
-0.99
-0.52
-0.12
-0.56
-0.78
0.68
0.15
0.31
0.78
0.06
0.27
-0.78
0.15
-0.75
0.80
0.11
0.88
0.43
-0.84
-0.70
-0.05
-0.75
-0.42
0.96
-0.08
0.59
0.39
0.41
-0.23
-0.16
-0.02
-0.87
-0.56
-0.89
0.53
0.30
-0.93
0.05
0.08
0.71
-0.47
0.97
-0.22
-0.03
-0.25
-0.40
-0.66
-0.52
0.56
-0.67
0.14
-0.54
0.64
0.09
-0.79
-0.24
-0.23
-0.21
-0.73
-0.90
-0.12
-0.85
-0.85
0.27
0.26
-0.83
-0.73
-0.19
-0.35
0.21
0.79
-0.14
-0.91
0.70
-0.39
0.08
0.04
-0.77
-0.67
0.83
0.06
-0.42
-0.42
0.80
0.50
-0.12
0.72
-0.46
-0.73
-0.28
0.96
-0.21
-0.89
-0.96
0.64
-0.78
-0.99
-0.30
-0.79
0.79
0.39
0.69
-0.90
0.69
-0.92
0.54
0.89
-0.74
-0.75
0.24
0.39
-0.80
-0.60
-0.60
-0.23
-0.22
0.63
0.32
0.22
0.28
-0.53
0.42
-0.32
0.12
0.75
0.85
0.57
-0.71
0.33
0.50
0.49
-0.02
0.41
0.09
0.33
0.60
-0.97
0.58
-0.66
0.58
0.15
-0.80
0.13
0.49
-0.71
-0.53
-0.27
0.73
-0.85
-0.87
-0.90
-0.77
0.36
0.86
0.60
0.75
-0.22
0.32
0.92
0.24
-0.86
0.83
-0.83
0.58
0.76
0.29
-0.66
0.32
0.40
0.83
-0.60
0.22
-0.45
-0.31
-0.61
0.86
-0.88
0.84
0.42
0.86
-0.22
-0.78
0.56
0.65
-0.90
0.53
-0.83
-0.19
-0.31
0.50
0.67
-0.20
0.29
0.36
-0.86
0.21
-0.32
-0.35
0.48
0.56
0.61
-0.09
0.75
-0.36
-0.91
0.72
0.54
0.83
-0.44
0.02
-0.14
0.88
-0.60
-0.87
-0.45
0.51
-0.54
-0.42
0.83
0.66
-0.48
-0.68
0.20
-0.26
-0.61
0.09
-0.22
0.20
-0.14
-0.33
-0.83
0.02
-0.06
0.03
-0.92
-0.94
-0.95
-0.49
-0.90
0.56
0.59
0.60
-0.82
0.78
0.16
-0.75
0.10
-0.25
-0.28
-0.96
-0.79
-0.12
-0.15
-0.45
-0.71
0.69
0.03
0.44
-0.42
0.67
-0.45
-0.11
-0.56
-0.35
0.45
0.32
0.57
-0.54
-0.10
0.05
-0.48
-0.80
0.05
0.46
0.77
-0.95
0.74
0.84
0.71
0.29
-0.14
0.46
0.92
-0.18
0.06
0.55
0.18
0.37
0.37
0.11
-0.70
0.34
0.47
0.12
0.00
0.73
0.70
-0.07
0.81
0.97
-0.53
0.37
0.02
0.00
-0.62
0.47
0.76
0.50
0.62
-0.99
-0.37
0.26
-0.83
0.89
-0.14
-0.92
0.26
-0.06
-0.28
0.95
0.26
-0.08
0.99
0.45
-0.92
-0.42
-0.26
-0.64
-0.62
0.31
0.69
0.22
-0.63
0.69
-0.30
0.09
-0.66
-0.98
-0.48
0.57
0.53
0.00
-0.30
-0.36
-0.42
-0.87
0.26
-0.37
-0.08
0.22
0.97
0.39
-0.36
-0.23
-0.53
0.46
0.83
-0.42
0.61
-0.89
-0.59
0.26
0.50
-0.51
-0.50
-0.53
0.68
-0.44
-0.92
-0.93
-0.34
0.02
0.49
0.84
0.54
0.98
-0.64
0.75
-0.94
0.28
-0.87
0.35
-0.55
0.63
0.67
0.94
-0.84
-0.59
-0.17
-0.83
0.86
-0.44
-0.27
0.75
-0.50
-0.36
-0.09
-0.60
0.88
0.20
-0.09
-0.23
-0.58
0.51
0.35
0.61
0.24
-0.88
0.92
0.73
-0.37
-0.80
0.09
-0.06
0.92
0.43
0.64
0.28
0.10
0.86
-0.11
0.59
0.57
0.15
0.41
-0.66
0.67
-0.88
-0.32
-0.23
-0.38
-0.05
-0.20
0.59
-0.20
0.06
-0.20
0.24
-0.56
0.85
0.26
-0.19
-0.78
0.66
0.41
0.36
0.87
0.54
-0.65
-0.27
0.41
0.62
-0.73
-0.54
0.58
0.04
0.42
0.31
-0.65
-0.20
-0.37
0.46
0.51
-0.64
-0.40
-0.60
-0.15
-0.95
-0.56
-0.14
0.98
-0.18
0.33
0.81
-0.92
-0.50
-0.35
0.38
0.29
-0.19
0.46
-0.18
0.80
0.46
-0.19
-0.24
0.03
-0.35
0.90
0.37
-0.75
-0.43
-0.52
-0.32
-0.12
0.07
0.76
0.91
-0.52
-0.95
-0.47
0.22
0.53
0.81
-0.44
-0.95
0.01
0.80
0.55
-0.47
-0.58
0.14
0.24
0.70
0.82
0.70
-0.15
0.85
0.89
0.77
0.51
0.52
0.17
-0.61
0.97
-0.10
0.94
0.22
-0.99
-0.54
-0.27
-0.45
0.77
-0.56
0.67
-0.27
-0.13
-0.70
-0.42
-0.95
0.66
-0.61
-0.32
-0.86
-0.51
0.46
0.77
0.49
-0.66
-0.09
0.98
0.03
-0.68
0.28
-0.07
0.46
0.86
-0.93
-0.01
-0.96
-0.03
-0.27
-0.12
0.28
0.01
0.26
-0.94
0.70
0.75
0.57
-0.05
-0.99
0.38
-0.75
0.19
-0.02
0.32
-0.38
-0.36
-0.05
0.58
-0.49
0.53
-0.15
-0.19
0.62
-0.75
0.68
0.67
-0.18
-0.06
0.72
-0.53
0.77
-0.21
-0.25
-0.66
-0.24
0.43
-0.17
0.85
-0.40
0.84
0.59
-0.09
-0.33
0.44
-0.35
0.45
-0.79
0.20
0.30
0.52
0.20
-0.06
-0.41
0.77
-0.31
-0.15
0.20
0.15
0.69
-0.90
0.29
0.33
0.48
-0.88
0.50
0.07
-0.21
0.86
-0.24
0.91
0.84
-0.09
0.20
0.59
-0.65
-0.11
0.25
-0.96
0.12
0.26
-0.30
0.18
-0.57
0.42
-0.45
0.96
0.88
-0.03
0.74
0.11
0.44
0.52
0.81
-0.55
-0.76
-0.05
-0.58
0.91
-0.84
0.38
-0.48
-0.17
-0.19
0.70
-0.97
0.93
0.62
-0.97
0.69
0.66
-0.68
-0.90
0.72
-0.07
0.64
-0.01
-0.60
-0.21
0.59
-0.06
0.33
0.49
0.01
0.68
0.48
0.26
0.32
-0.50
0.36
0.25
0.92
-0.35
0.47
0.84
-0.46
0.04
-0.89
-0.14
0.77
-0.94
0.24
0.12
0.67
0.33
0.40
-0.51
-0.82
-0.05
-0.35
0.59
0.47
0.69
-0.94
-0.04
0.74
-0.26
-0.21
0.21
0.21
-0.56
0.86
-0.79
0.68
-0.20
0.02
-0.35
-0.84
0.85
0.64
-0.21
-0.09
-0.30
0.05
0.92
-0.45
-0.59
0.11
0.57
0.74
0.39
0.69
-0.95
-0.25
-0.47
-0.11
-0.48
0.95
0.03
-0.35
-0.92
0.64
0.60
0.21
0.40
-0.71
-0.34
-0.29
0.02
-0.90
0.66
-0.93
0.01
0.90
0.30
-0.45
0.79
-0.02
-0.53
-0.86
0.51
-0.34
-0.59
0.14
0.73
0.74
-0.96
0.79
0.76
-0.17
0.66
-0.71
0.54
0.73
-0.86
0.88
-0.86
0.74
0.24
-0.59
0.13
-0.45
-0.24
-0.66
-0.17
-0.68
0.69
-0.92
0.38
-0.13
0.34
-0.89
-0.35
0.13
-0.65
-0.13
0.39
0.49
0.93
-0.67
0.63
0.09
0.23
0.10
-0.39
0.92
-0.40
-0.89
-0.94
0.85
0.03
-0.11
-0.01
-0.90
-0.72
-0.34
0.92
0.61
0.68
-0.32
-0.43
0.01
0.88
0.29
0.26
-0.81
-0.67
0.71
0.27
0.06
-0.68
0.52
-0.75
-0.22
0.36
0.00
-0.71
0.67
-0.70
-0.12
-0.19
0.50
-0.21
-0.11
0.35
-0.85
-0.49
-0.54
-0.82
-0.85
-0.41
0.54
-0.85
-0.41
-0.63
0.41
0.78
-0.80
0.12
-0.98
-0.64
-0.09
0.48
0.16
-0.49
0.54
0.61
-0.16
-0.60
-0.04
-0.14
-0.65
-0.61
0.51
-0.47
-0.12
0.40
-0.29
0.95
-0.20
-0.57
-0.41
-0.52
-0.27
0.41
-0.18
0.09
0.62
-0.57
0.52
-0.66
-0.76
-0.33
0.71
-0.03
-0.23
0.41
0.41
0.36
-0.75
-0.11
0.89
-0.90
0.35
0.32
0.05
-0.32
0.16
-0.46
0.52
0.06
-0.13
-0.54
0.20
0.87
0.34
0.11
0.48
-0.13
-0.88
0.91
-0.12
0.10
-0.43
0.82
0.26
0.56
0.04
-0.20
-0.84
-0.43
0.39
0.88
0.18
0.78
0.59
0.99
-0.88
-0.98
-0.12
0.25
-0.60
0.77
0.78
0.58
-0.73
-0.63
0.52
0.62
-0.12
-0.18
0.19
-0.17
0.64
-0.15
0.83
0.46
0.05
-0.79
0.80
-0.29
0.32
-0.97
-0.64
-0.36
0.34
-0.37
-0.63
0.44
-0.89
-0.70
-0.07
0.14
0.02
-0.17
-0.22
-0.07
0.11
-0.57
-0.98
-0.68
0.30
-0.83
-0.40
0.40
-0.17
-0.83
0.49
0.67
-0.40
0.66
-0.95
0.17
0.01
-0.62
0.27
0.18
-0.44
-0.10
-0.60
-0.73
-0.47
0.67
0.69
-0.74
0.60
-0.46
-0.40
-0.53
0.53
-0.99
-0.45
-0.10
-0.55
-0.84
-0.41
-0.80
0.28
0.40
-0.67
0.39
0.15
0.37
0.10
0.62
-0.13
0.71
0.82
-0.50
0.76
-0.12
0.81
0.86
0.99
-0.51
-0.59
0.67
0.88
0.70
-0.48
0.31
0.87
0.02
-0.11
0.05
-0.89
-0.97
-0.63
-0.46
-0.27
0.57
0.86
0.09
0.93
-0.67
-0.04
0.58
-0.49
0.23
-0.87
0.69
0.00
-0.35
0.81
0.22
0.34
0.19
-0.59
0.18
-0.19
-0.40
-0.46
0.48
0.33
-0.36
-0.85
-0.59
0.00
-0.32
-0.62
-0.13
-0.69
-0.64
-0.24
-0.60
0.88
0.17
-0.27
-0.52
0.69
-0.51
-0.37
-0.61
-0.65
-0.95
-0.36
-0.56
0.10
0.55
-0.81
-0.59
0.94
0.59
-0.50
0.66
0.36
-0.56
0.51
-0.55
0.78
0.78
0.04
0.22
-0.81
0.16
0.33
-0.19
-0.56
0.55
-0.06
-0.65
0.51
-0.78
-0.78
0.17
0.73
-0.70
-0.82
-0.62
0.17
0.07
0.68
-0.55
-0.73
0.21
0.44
-0.61
-0.71
0.14
0.08
-0.51
-0.08
-0.97
0.35
0.86
0.87
-0.40
0.29
-0.06
0.04
0.43
0.22
-0.24
-0.85
0.28
0.80
-0.40
-0.39
0.44
0.19
0.68
0.44
0.49
-0.05
0.16
0.86
0.71
0.44
0.64
-0.03
0.96
0.70
-0.29
0.64
-0.91
-0.08
0.87
-0.91
-0.75
-0.18
0.05
0.84
-0.63
-0.58
0.01
-0.49
-0.39
-0.74
-0.58
-0.12
-0.99
0.59
0.71
-0.73
-0.18
0.51
0.43
0.52
0.26
-0.29
-0.64
-0.52
0.73
0.74
0.75
0.48
-0.77
0.07
-0.19
-0.35
-0.59
0.54
0.11
0.17
-0.67
-0.37
0.21
-0.41
-0.34
0.45
0.68
-0.07
-0.74
-0.07
-0.99
-0.08
0.57
0.91
-0.50
-0.33
0.38
0.46
-0.68
-0.43
0.82
0.69
-0.96
0.42
-0.94
0.66
0.61
-0.40
-0.72
-0.20
-0.12
0.53
-0.70
0.85
-0.33
-0.66
0.48
0.01
0.79
0.37
0.62
0.52
0.22
0.03
0.29
-0.41
0.56
-0.62
-0.58
-0.21
0.11
-0.65
0.80
0.14
-0.34
-0.96
-0.41
-0.12
-0.90
-0.14
-0.65
-0.01
0.82
-0.10
-0.94
0.83
-0.33
-0.69
-0.08
0.59
-0.50
0.99
0.89
-0.85
0.59
0.90
0.21
0.81
0.17
0.35
-0.92
-0.38
-0.08
-0.43
-0.61
-0.95
-0.41
-0.49
0.55
-0.80
-0.41
0.86
-0.79
0.02
0.42
-0.05
-0.89
-0.58
-0.28
0.77
-0.73
-0.18
0.46
0.95
-0.35
0.53
-0.26
-0.60
0.03
-0.04
0.80
-0.05
0.77
0.39
0.28
0.27
0.26
-0.68
-0.11
-0.95
0.44
-0.54
-0.12
0.30
-0.34
0.14
0.51
0.67
-0.92
0.33
-0.25
0.80
0.09
-0.44
0.28
0.64
0.23
-0.79
0.57
-0.48
-0.52
-0.53
-0.56
-0.14
-0.36
-0.12
0.92
-0.60
-0.23
-0.37
0.51
0.80
-0.65
-0.78
-0.11
-0.27
-0.86
-0.33
0.71
-0.09
0.15
-0.04
-0.66
0.22
0.57
0.85
-0.79
0.64
-0.43
-0.33
-0.68
0.92
-0.44
-0.99
0.01
-0.24
-0.41
-0.19
0.09
0.27
0.03
-0.74
0.85
0.24
0.30
-0.55
-0.92
-0.65
0.44
0.90
-0.59
-0.58
-0.48
0.08
0.78
-0.67
0.97
-0.77
-0.33
-0.75
-0.91
-0.94
0.32
0.14
-0.24
-0.73
-0.63
0.03
-0.45
-0.04
-0.53
-0.89
-0.12
0.84
0.48
0.17
0.54
0.92
0.01
0.27
0.56
0.47
0.15
-0.73
0.88
0.64
0.46
0.05
-0.11
-0.64
0.95
0.41
0.47
0.76
0.04
-0.12
-0.82
0.74
-0.41
-0.24
0.73
0.92
