4
288
-0.2200
-2.0400
0.1800
2.4600
-2.3600
-0.0100
0.6400
-4.3200
1.9500
1.7400
-0.8400
-2.9900
-2.8100
0.2800
-1.7500
-1.6600
-0.4600
3.3700
1.3600
-1.0000
-2.3700
-0.7700
0.9000
3.0900
1.3500
5.6500
-2.4500
-2.1400
0.6700
2.8600
-2.2500
-3.8500
-1.8100
2.0300
-0.7200
-0.3000
-0.3500
1.4100
-1.0400
4.4000
3.3000
0.0100
-2.5000
-1.1800
-0.9500
2.6500
-4.1400
-0.3600
-1.6000
-1.3900
2.6300
0.3600
-4.6300
0.8400
0.4800
0.2800
3.2800
-5.0100
-0.6600
-1.8200
-0.8000
2.5000
-0.1500
-0.6000
1.1400
0.7700
-0.9200
0.5000
-2.5500
-1.9900
2.6200
-2.5000
-2.9400
-0.3400
1.1200
2.8500
-3.1000
4.8400
2.3100
-0.1500
2.1900
-1.1300
-2.2400
-1.5400
0.8200
1.1600
-0.3500
-1.2500
1.6700
-5.4300
-2.1400
0.3500
-1.3200
-1.7500
-1.7400
1.1400
-2.1900
1.7700
-0.2300
1.4500
-3.9300
0.2600
1.6500
2.7200
-0.5900
0.7900
-0.0600
-1.2000
-0.8700
1.0800
0.6400
-1.0600
-0.2100
-0.0800
-0.3100
1.4400
-0.0800
3.6500
-1.4500
0.9200
0.1700
1.1100
-1.2500
0.2600
1.9300
1.8700
3.6500
-1.9700
-1.6300
0.9600
-0.1500
-2.3600
-1.0900
2.9900
1.2500
1.3700
2.4200
3.9100
-0.5500
0.3300
-3.5900
-1.3800
-2.3300
0.5500
-2.0000
0.8200
2.6600
-5.5300
-0.9300
3.3000
-2.8000
1.6000
-1.6200
0.4000
-1.2500
-3.7200
-3.2900
-0.0500
1.6100
0.3300
0.4600
2.9300
0.2500
0.4800
2.8500
3.4200
-1.6100
-0.2400
-0.4700
0.6300
3.1100
-5.5800
-1.9300
1.1800
1.5200
-5.8800
-2.4200
-1.7800
-3.2200
-3.4300
0.2600
2.3800
-2.5100
1.9500
-2.8700
3.5700
-4.0100
-2.0600
1.3500
1.0100
-2.1500
-0.8300
1.8100
-0.5500
-0.7400
-0.1900
-4.4500
1.1700
-6.2200
1.7800
1.2300
0.2000
-1.7100
-0.0300
1.4900
-1.2200
-0.5100
0.0500
-2.2800
-1.1000
-1.9200
2.4400
0.5800
1.3800
-0.7900
0.4700
-3.1900
1.4100
-1.5000
0.0000
-4.0300
-1.2600
2.8300
-3.3300
-4.6400
-2.5200
-1.2800
-0.8100
-1.8800
0.8000
-0.1800
2.6800
0.1300
-0.5800
2.8900
-3.7400
2.2600
1.3400
-1.5700
-0.4000
0.1900
-4.6000
0.8300
-1.9000
-1.4900
-0.8300
2.7400
3.6600
3.2400
1.4800
2.9800
-2.7500
-4.9900
3.3400
1.3800
-0.1100
4.4400
-2.5300
0.6500
2.1700
-0.1000
-1.2900
6.7100
-2.8500
1.1700
0.1200
0.1300
-5.3800
-1.2900
-3.6200
-0.0700
0.5800
-0.8700
-0.7300
0.5800
3.1300
1.1700
1.3900
-1.9800
-3.2000
