25
0
-0.7537
-0.2954
0.7950
0.8847
0.7938
-0.8266
-0.9569
0.1828
-0.1046
-0.1495
-0.1816
-0.4341
-0.9520
-0.0766
-0.3302
0.4927
0.8756
0.0787
-0.7313
-0.2845
-0.6017
0.9744
-0.6435
-0.3900
0.0953
-0.1326
-0.0052
0.0893
-0.9637
-0.7782
0.4261
-0.1632
0.0231
0.1463
-0.2292
0.0948
0.6935
-0.3895
-0.8561
0.1018
-0.6572
-0.5593
-0.3233
0.2293
-0.6296
0.9822
-0.2946
0.6313
-0.4299
0.5722
0.1209
0.8610
0.6279
-0.1558
-0.5991
0.0984
-0.8568
-0.7617
-0.0043
0.0402
-0.3725
0.1430
0.1450
0.9449
-0.5877
-0.2537
0.0717
-0.3474
0.7500
-0.3620
-0.0928
-0.8657
-0.6206
-0.6955
-0.0893
-0.3338
0.5626
-0.9525
-0.0019
-0.0462
0.8469
-0.5308
0.4188
0.0410
0.2564
0.9032
-0.8951
0.5871
0.3600
-0.5311
-0.2529
-0.4191
-0.3975
-0.7000
-0.6035
-0.3723
-0.1022
0.0861
-0.3974
-0.2298
0.0394
-0.4298
-0.2375
0.4714
-0.0258
-0.5827
-0.9699
-0.1098
-0.3827
-0.9325
-0.3697
0.0324
-0.6371
-0.9351
-0.7971
-0.4941
-0.5412
-0.5551
-0.4235
0.0176
-0.6439
-0.3904
-0.3597
-0.7052
-0.3084
-0.2953
-0.5897
-0.4306
0.8627
-0.9326
-0.7366
-0.3709
-0.1641
-0.4895
-0.2269
-0.6413
-0.5137
-0.8187
0.2005
0.7774
-0.8277
-0.0515
-0.5749
