24
0
-0.1718
-0.8343
0.0330
-0.4002
-0.4375
0.0737
0.0291
0.6765
-0.1557
-0.3663
-0.3503
0.1928
0.5357
0.3760
0.7616
0.5369
-0.6239
0.9469
-0.3136
-0.4000
0.1467
0.8934
-0.1894
0.7792
-0.9298
-0.1015
-0.9884
0.0250
-0.9833
-0.2375
-0.5996
-0.4467
-0.3305
-0.5980
-0.5423
-0.3010
-0.3929
0.9906
-0.7024
0.9605
0.8359
-0.8688
-0.8226
-0.9303
-0.9897
-0.4339
-0.5639
0.2877
0.7210
0.2084
-0.7420
0.1450
0.9624
0.2780
-0.3270
-0.5393
0.1619
-0.3987
0.0674
-0.1145
-0.8868
0.0292
-0.0444
-0.0086
-0.2058
-0.7544
0.3484
-0.9098
0.3675
-0.7394
0.8972
-0.3665
-0.3793
-0.1846
-0.5545
-0.1148
0.6354
0.1911
-0.5141
-0.4044
-0.1639
-0.6119
0.4958
-0.9551
-0.8385
-0.3855
0.4797
0.1861
-0.0616
-0.5200
0.5825
-0.4238
-0.1818
-0.4257
-0.5118
0.6750
0.5872
-0.9153
-0.3632
-0.0338
-0.6385
0.9805
0.0800
-0.7950
0.7659
0.2504
-0.5884
0.0322
-0.1178
0.2102
-0.3169
-0.6969
0.2903
-0.5085
-0.2441
-0.8419
0.9881
-0.2868
-0.8276
0.9495
-0.3803
-0.9221
0.0231
-0.4828
-0.2018
0.1556
0.0982
-0.2607
-0.6453
-0.7345
-0.7272
0.5743
0.8362
-0.8793
0.2004
-0.1226
-0.9629
0.9586
0.3279
-0.3191
-0.2181
-0.6510
0.0093
