2
0
0.2744
-0.3159
-0.0021
0.0855
0.2317
-0.4533
-0.5345
-0.0027
-0.1249
-0.1057
0.0869
-0.5040
-0.8375
0.1734
-0.3706
-0.7254
-0.3777
-0.5394
-0.5302
-0.7187
0.1802
-0.1549
0.0875
-0.8646
-0.8333
-0.3611
0.9065
0.0961
-0.2402
0.6348
-0.8096
0.8544
-0.8134
0.4585
0.6262
-0.3857
-0.3402
0.7903
-0.0359
0.1787
-0.0714
-0.9006
-0.6712
0.5521
-0.8411
-0.1009
-0.5807
0.4990
-0.1811
-0.1108
-0.4485
-0.5835
-0.3419
-0.7919
0.3589
0.1136
0.1002
0.3927
-0.1713
0.5786
-0.4782
-0.9008
-0.2793
-0.3347
-0.2915
0.0584
-0.7385
0.7799
0.8204
0.5674
-0.2868
0.0547
-0.5481
0.7430
-0.6101
-0.5291
0.0537
-0.3151
0.2543
0.8662
-0.2929
-0.8851
-0.4186
0.1361
0.6049
-0.4405
-0.6900
-0.8996
-0.0288
-0.3858
-0.2776
-0.3781
-0.9487
-0.9358
-0.9546
-0.4735
0.2696
-0.8787
-0.2971
0.1113
0.2232
-0.9388
0.4290
0.0197
-0.6422
-0.8799
-0.5196
-0.7292
-0.9427
0.5044
0.5865
0.9465
0.2253
0.0792
-0.2767
-0.2326
0.1351
0.3752
-0.1590
-0.3386
-0.5445
-0.2895
-0.7525
-0.8726
-0.7517
-0.8423
-0.1146
0.7110
0.6564
0.1696
-0.2441
0.4571
0.4802
0.7014
0.0258
-0.4664
-0.0840
0.5806
0.8172
-0.1562
0.5896
-0.9759
-0.7640
