27
0
-0.9319
-0.1340
-0.6000
-0.8970
-0.9485
0.7710
-0.7639
-0.4722
-0.2753
0.7742
-0.9475
-0.6980
0.0762
0.1118
0.0039
0.8380
-0.1855
-0.4328
0.3311
-0.0857
-0.5193
0.2035
-0.9780
0.2537
-0.0858
-0.4548
0.4582
-0.0522
-0.6775
0.9496
0.2689
-0.9703
-0.6230
-0.9959
0.5879
0.1101
-0.8600
-0.7377
0.0005
-0.4528
0.3707
-0.3711
-0.3927
-0.7659
-0.9413
-0.5539
-0.7414
0.1369
0.0093
-0.7476
0.1560
-0.1641
0.0095
-0.9015
-0.2154
-0.7968
0.6567
-0.9324
-0.0298
0.4677
-0.2201
0.8674
-0.8669
-0.5801
-0.3997
-0.6249
-0.1724
0.2642
0.0950
-0.6602
0.1728
-0.4332
0.0049
-0.5544
-0.5027
-0.9932
-0.8954
0.1723
-0.4722
-0.2863
-0.2555
0.8093
0.1644
-0.7415
-0.7163
-0.0310
-0.4413
0.0908
-0.2715
-0.6158
-0.0783
-0.9681
0.5682
-0.4929
-0.2070
0.7077
-0.0628
-0.5851
-0.0928
-0.3637
-0.4155
0.2650
-0.1054
-0.9565
0.3529
-0.1336
0.4450
-0.7901
-0.3516
0.2529
-0.4261
-0.7922
-0.3551
-0.6477
0.0018
-0.2748
-0.8465
-0.4260
0.7164
-0.9962
0.0265
-0.2689
0.1473
-0.3203
0.5589
0.5207
-0.7809
0.0779
0.7148
0.0236
0.2226
-0.0351
-0.7428
-0.9820
-0.6157
-0.9213
-0.3477
-0.2789
-0.3265
-0.8375
0.2749
0.4758
0.0217
