23
0
-0.2282
0.7794
-0.4153
-0.7077
0.7836
-0.2928
-0.1062
0.0504
-0.6338
-0.4419
-0.9632
-0.5721
-0.4976
-0.6135
0.9427
-0.4763
-0.4470
0.4991
-0.3451
-0.6765
-0.7624
-0.9944
-0.3860
-0.8710
0.2036
0.2860
-0.3523
0.6827
-0.4943
-0.5893
-0.8164
-0.4052
-0.3239
0.8908
-0.4238
-0.7152
-0.7399
0.2692
-0.2112
-0.7387
-0.4582
-0.7751
-0.7693
-0.1548
-0.5388
-0.3625
0.0632
-0.2267
-0.4481
-0.4381
-0.1902
0.3266
0.2250
-0.2082
-0.6486
-0.2244
-0.4785
-0.7156
-0.2137
0.7251
-0.5114
-0.0459
0.5022
-0.3598
0.0090
0.2956
-0.4341
-0.5223
-0.8519
0.0494
-0.3743
-0.5728
-0.2129
-0.9683
-0.5506
0.1304
-0.1803
0.8046
-0.4637
-0.6764
-0.8730
0.3536
0.3426
0.0552
-0.3725
0.1103
0.3288
0.0849
-0.6345
-0.0057
-0.5250
-0.2763
-0.6003
0.1532
0.3643
-0.0916
0.8385
0.7161
0.4828
0.0735
0.2756
-0.5096
-0.8890
0.2480
0.1604
0.5154
-0.2678
-0.1222
0.2747
-0.8297
0.9499
-0.8773
0.2535
-0.0624
0.3293
-0.6225
-0.7238
0.5634
-0.6114
-0.7586
-0.8301
-0.8986
-0.9079
-0.2535
-0.6995
-0.6344
-0.3144
0.4705
-0.6762
-0.8900
-0.2806
-0.1175
-0.7998
0.8008
0.0534
0.3933
0.1953
-0.1058
-0.8641
-0.5405
-0.7474
-0.2792
0.5480
