4
0
0.2847
-0.2865
0.1545
-0.4405
0.2822
-0.4252
-0.8497
0.9196
0.8101
-0.1097
-0.9633
0.4897
0.9338
0.0516
-0.3147
0.1093
0.1500
-0.1805
0.1450
0.5532
0.2675
-0.6533
0.9835
0.8049
-0.8980
0.0165
-0.3286
-0.1283
-0.9427
0.1043
-0.9741
-0.7573
0.2054
-0.3264
-0.8542
0.0698
-0.5527
0.8841
-0.8877
-0.0573
-0.0805
0.9709
-0.8614
-0.6629
0.6123
0.1169
-0.4236
-0.5445
-0.9566
-0.6905
0.2653
0.1374
-0.6180
0.5711
-0.9821
-0.7797
0.9910
0.2718
0.9851
0.1524
-0.0024
-0.2561
0.8371
-0.0386
0.3062
-0.4328
-0.7448
-0.4670
0.8321
-0.4690
0.1785
-0.6349
-0.2429
0.6411
-0.8517
-0.5695
-0.1413
-0.7778
0.9455
-0.7043
-0.8827
-0.9436
-0.5039
0.7454
0.1902
0.9287
-0.2670
-0.9853
-0.1978
0.5828
-0.5049
0.0314
0.1975
0.1200
-0.1693
0.1089
-0.2538
0.0125
-0.1693
0.7243
-0.1321
0.2106
-0.9175
0.1893
-0.0346
-0.6535
-0.8980
-0.5191
0.0819
0.8534
0.1550
0.0851
0.7629
0.7060
-0.4499
-0.3262
0.1746
0.2377
-0.7842
-0.1919
-0.5051
0.7837
-0.7593
0.2103
0.0322
-0.9041
-0.8085
0.5659
-0.5745
-0.8711
0.7804
0.1852
0.0883
-0.1355
-0.3508
0.0993
0.0971
0.3104
-0.9580
-0.2036
0.6234
0.1886
-0.9575
