12
0
-0.3912
-0.5065
-0.0070
0.7391
-0.0333
-0.5670
0.0301
0.0686
0.0333
-0.7427
-0.3754
0.2015
-0.4419
-0.1211
0.0406
-0.9415
-0.2147
-0.9227
-0.4045
0.9566
0.3196
-0.8813
0.2280
-0.6645
-0.3057
0.7599
-0.9957
0.9215
0.2279
0.8513
-0.0688
-0.0832
-0.1783
-0.2382
0.0476
0.0219
-0.9319
0.9918
0.2717
0.1578
-0.6120
-0.6343
-0.7224
0.2043
-0.6671
-0.7664
0.7010
-0.9970
0.2158
0.0113
0.5907
-0.6721
0.2096
-0.7891
0.8952
0.4101
-0.6945
-0.2628
-0.9096
0.1658
-0.3617
-0.5662
-0.0486
-0.0707
-0.1789
0.8849
-0.2123
0.1780
0.7782
-0.2833
0.5479
0.6069
-0.6216
-0.4710
-0.9494
-0.6233
-0.9451
-0.5143
0.4068
0.2148
0.2333
-0.2764
-0.8130
-0.7422
-0.5537
0.4727
0.5495
-0.2413
-0.3337
0.1362
0.1593
-0.3447
-0.9286
-0.7115
0.8557
-0.0898
-0.5009
-0.5477
0.0939
0.1523
0.0193
0.7668
-0.6923
-0.9417
0.7890
0.2120
-0.1852
0.0939
-0.6894
-0.6440
-0.5246
0.7299
-0.2191
0.6503
0.8954
-0.7985
-0.9007
-0.5479
0.9197
-0.9861
-0.5793
-0.6470
-0.0953
0.5748
-0.9309
-0.3902
-0.6735
0.0780
-0.5963
-0.9768
-0.8920
-0.9824
-0.3757
0.8021
0.8365
-0.1416
0.5073
0.1259
-0.6370
-0.9266
-0.1264
-0.2106
0.2310
