7
0
-0.1291
-0.5889
-0.9741
-0.7539
0.7339
0.0348
-0.8292
-0.9224
-0.7940
-0.2985
0.8224
-0.2586
0.1891
0.4270
0.6845
-0.5491
0.3857
0.3034
0.9202
0.2051
0.4018
-0.3540
-0.8546
0.7255
-0.8723
-0.8933
-0.5877
-0.2082
0.2060
-0.7203
-0.7732
0.0624
-0.6562
-0.1484
0.3586
-0.5804
0.4473
-0.7317
-0.3227
0.0601
-0.6172
0.4161
0.7073
-0.0569
0.1875
-0.3259
0.3519
-0.1227
-0.3564
-0.8253
-0.3962
0.3964
-0.7030
-0.9251
-0.5407
0.5516
-0.9161
0.6590
-0.4222
-0.1218
0.5856
0.5995
-0.5881
0.3882
-0.0084
-0.5413
0.5021
-0.4935
-0.4467
-0.5208
-0.3837
-0.5187
0.2498
0.1478
0.3216
0.0608
0.7868
-0.4364
0.0343
-0.6310
-0.9025
0.5585
-0.7223
0.3719
0.0203
0.4145
-0.2693
-0.1799
0.2140
-0.7504
0.1802
-0.9398
-0.1393
-0.6362
-0.5763
-0.6924
-0.9785
-0.2309
0.5579
-0.9788
-0.7794
-0.4035
-0.8100
-0.8308
-0.1345
0.6031
-0.0812
0.1529
0.2468
0.1348
0.0493
-0.3772
-0.9701
0.5965
0.8899
-0.6164
-0.9185
0.1872
-0.6186
-0.3612
-0.8796
0.9978
0.9580
0.6025
-0.0062
-0.6027
0.0534
0.1592
-0.3786
0.2525
-0.6796
0.2301
0.2373
-0.4337
0.4858
0.2350
0.2691
0.3140
0.8917
-0.2471
0.0628
0.9981
0.2153
