29
0
0.5352
0.7019
-0.9601
0.7162
-0.5292
-0.7912
-0.2587
-0.7582
0.0269
0.3057
-0.4473
0.8596
0.3094
-0.2237
0.8433
-0.7656
0.9374
0.1738
-0.4102
0.7806
-0.1270
0.2349
0.8452
-0.1043
0.1684
-0.8920
-0.8828
0.5752
-0.6157
-0.3831
0.1635
0.2483
-0.2083
-0.1056
-0.8892
0.9732
0.9579
-0.1808
-0.8441
0.2621
-0.2948
-0.6197
0.9421
0.8425
-0.9572
-0.9859
-0.1923
-0.9275
-0.2618
0.7911
-0.5722
-0.3439
-0.2104
-0.5745
-0.1946
-0.6873
-0.3194
-0.2666
-0.9653
-0.7381
-0.4735
0.0683
-0.0648
-0.9117
-0.6854
0.7774
-0.9750
0.2762
0.1778
0.2807
0.9756
-0.9153
-0.5677
-0.8280
-0.6265
-0.2653
-0.3340
-0.1632
-0.9778
0.2979
-0.4199
0.0770
-0.1607
0.1363
-0.0198
-0.1931
-0.8001
-0.7620
0.2789
-0.3491
-0.9590
-0.4266
0.7366
0.5962
0.3158
-0.6278
-0.4122
-0.0049
-0.7141
0.2737
-0.1039
0.7318
-0.3957
0.5937
-0.7940
-0.9390
0.0797
-0.7894
0.1447
0.7829
-0.5237
-0.1317
0.0704
-0.3101
0.4985
-0.7061
0.5992
-0.4794
-0.4073
-0.3084
-0.5542
-0.9373
-0.0983
-0.8606
0.5609
0.4878
-0.6299
-0.4451
0.2345
-0.3334
-0.5379
0.3555
0.0401
0.5939
-0.4035
0.4987
-0.5601
0.0719
0.2519
-0.0379
-0.9476
0.0578
-0.7971
