5
0
0.1278
0.5307
-0.9069
-0.5265
-0.5441
0.3056
-0.8211
-0.4005
0.0403
0.8209
-0.2894
-0.0208
-0.1117
0.1331
0.0022
-0.0152
-0.9100
-0.7047
-0.8385
-0.3172
-0.7032
-0.8216
-0.1554
-0.7237
-0.6360
0.8475
0.1122
-0.9031
-0.4544
-0.1864
-0.0903
-0.9623
-0.9237
-0.0062
-0.5063
-0.9490
0.3409
-0.5136
-0.9522
-0.9969
0.2958
0.1183
-0.8492
0.6186
0.2997
-0.8701
0.3224
-0.0246
-0.7692
-0.1500
-0.7814
-0.3333
-0.4422
0.6150
-0.0362
-0.1859
-0.3305
-0.3191
-0.2397
-0.9513
0.0419
-0.4045
-0.6918
0.5999
0.6370
-0.6678
-0.6533
-0.5801
-0.7643
0.1639
-0.7058
0.1642
-0.6220
-0.4249
-0.8698
-0.6441
-0.8980
0.6851
-0.0566
0.2428
-0.1661
0.7555
-0.0970
0.6039
0.6676
-0.7281
0.9535
0.4858
-0.1097
0.7110
0.7766
-0.9795
0.6575
0.4370
0.7215
0.8760
-0.6037
-0.7781
0.1667
-0.9743
0.0069
-0.6117
-0.2445
-0.5485
-0.8305
0.3635
0.5677
0.2528
-0.6864
-0.3300
-0.7596
0.8199
-0.3799
-0.9472
-0.7493
0.9913
-0.2148
-0.7863
-0.1774
-0.1927
-0.7025
0.9434
0.2404
0.0403
-0.6579
-0.6915
-0.6656
-0.8689
-0.8978
-0.3779
-0.3817
-0.8603
-0.3399
-0.1450
-0.1114
0.2514
-0.9465
0.7689
-0.7436
0.9196
-0.1847
-0.8460
0.2077
