9
0
-0.2550
-0.1585
-0.0139
-0.8049
-0.2645
-0.8497
-0.2832
0.7441
0.1934
-0.2005
-0.0539
-0.0622
-0.1812
-0.8210
-0.2007
0.3429
-0.7681
-0.8938
-0.8947
-0.6270
-0.8727
-0.9042
0.4228
-0.8255
0.0056
-0.1316
-0.7159
0.9832
0.3016
-0.7941
-0.8133
0.2178
-0.2134
0.9228
0.6474
0.1137
0.0804
0.9704
0.0791
-0.7131
-0.0808
-0.8487
0.2327
-0.9683
-0.2615
-0.0502
-0.0775
-0.0435
-0.4004
-0.2853
0.8200
0.6097
0.2524
0.9882
-0.4558
-0.9343
-0.0832
-0.0273
-0.8278
-0.5195
-0.8271
0.5303
-0.2357
-0.8149
0.2822
0.1971
0.1086
0.1558
-0.4526
-0.4831
-0.2306
0.3866
0.3521
-0.2421
-0.4806
0.6614
-0.6018
-0.2017
-0.8486
0.8064
-0.8935
-0.0672
0.5798
0.3671
0.1864
-0.1510
0.0388
-0.7659
-0.5781
-0.3653
-0.8000
-0.8349
0.6004
0.0000
0.6769
-0.0590
-0.4153
-0.9586
-0.6023
-0.7737
0.9022
0.4195
-0.1748
-0.8041
-0.0400
-0.4117
-0.3883
-0.1100
0.2579
0.2711
-0.8426
-0.7482
-0.1217
-0.8597
-0.5969
-0.3139
0.4565
0.1303
-0.7999
0.0645
0.0160
-0.9816
-0.8589
0.4283
-0.6629
0.5152
0.9364
-0.2848
-0.0684
-0.0540
-0.4766
0.0556
0.0495
0.3988
-0.9269
0.0548
-0.0115
-0.2752
0.6354
-0.6705
0.1934
0.1752
0.8468
