22
0
-0.5430
-0.0228
-0.4634
0.7549
-0.8441
-0.9657
0.5085
-0.7096
-0.4146
-0.1319
-0.6222
0.0904
-0.7409
0.6706
0.9362
0.9031
0.1565
0.2379
-0.3579
-0.2889
-0.1071
-0.2652
-0.6536
0.1349
-0.4431
-0.7011
0.8954
-0.7983
-0.8237
0.7753
-0.2842
-0.4450
-0.0963
-0.0928
-0.3261
-0.8219
-0.3025
-0.0812
0.9289
-0.2642
0.0963
-0.2746
-0.6491
-0.2079
-0.3693
-0.3558
-0.2242
-0.3751
0.3196
-0.4984
-0.0551
-0.6917
0.8386
0.5204
0.1242
0.7719
-0.4683
0.2656
0.1452
0.1964
-0.8078
0.5857
-0.9245
0.5184
0.4460
-0.7249
-0.9536
0.6960
-0.8916
-0.8191
0.4468
0.1524
-0.5449
-0.4775
-0.8375
0.0679
-0.2033
0.2555
0.2557
0.5334
0.4317
0.3300
-0.2960
-0.6377
0.7853
-0.6408
-0.9792
0.8956
0.5786
-0.3684
0.0723
-0.5112
0.4332
0.7046
-0.4426
0.0161
-0.0577
-0.3982
-0.8125
0.9734
-0.0633
0.0406
0.6055
-0.5469
-0.4720
-0.0744
-0.7067
0.8483
-0.2774
-0.7426
-0.0011
-0.9754
0.0165
0.9703
-0.2798
-0.2189
0.6585
0.2936
-0.8877
-0.7954
-0.4086
0.9817
-0.3209
-0.2162
-0.5654
0.8993
0.8486
-0.9623
0.0287
0.4143
-0.9419
-0.9455
0.7622
0.8091
0.1834
-0.6013
0.7896
-0.2228
-0.9022
0.3356
0.5133
0.1548
-0.8592
