3
0
0.3920
-0.3914
-0.0219
-0.4889
0.1886
-0.0688
-0.2266
-0.6795
0.2470
0.2504
0.1778
0.2544
0.2225
0.0845
0.4365
-0.1662
-0.4968
-0.2198
-0.7673
-0.6298
0.1361
-0.2201
-0.4909
-0.5387
0.4137
0.0818
-0.0997
-0.0446
-0.1037
0.8799
-0.0558
-0.1885
0.0736
0.0301
0.5226
-0.0046
0.8079
0.9196
0.4040
-0.6094
-0.2201
0.3036
-0.9836
-0.6251
0.3555
-0.1417
-0.7371
0.1917
0.0781
-0.1391
-0.2180
-0.7230
0.7310
0.1119
-0.6401
0.2868
-0.8444
0.0823
0.5130
0.5218
-0.2283
-0.4298
0.0977
-0.2566
-0.9532
-0.9977
-0.0759
0.1681
0.1378
0.4482
0.1207
0.4197
-0.6010
-0.4524
0.1033
0.6721
-0.5920
0.0158
-0.1500
-0.5759
-0.0566
-0.1792
-0.3874
0.9239
-0.2624
-0.0713
-0.2963
-0.8243
0.3570
0.2020
0.2751
-0.6676
0.2199
-0.6065
0.5580
-0.4868
0.1061
-0.6548
0.7560
-0.8723
-0.8514
-0.1283
-0.4899
0.7446
-0.5332
0.4376
-0.9383
0.0956
0.5201
-0.9366
-0.6716
-0.1483
-0.1512
-0.4932
0.3861
-0.2387
-0.5456
-0.1227
0.3109
-0.1944
-0.7494
-0.4383
0.8132
-0.9495
0.9633
-0.7663
-0.7222
0.4211
-0.7670
-0.4510
-0.4015
-0.6002
-0.5332
-0.3166
0.0801
-0.0627
-0.6367
-0.6864
-0.4788
-0.2547
0.3805
-0.6300
-0.4196
