10
0
-0.8710
-0.5816
0.2943
-0.5270
-0.0667
-0.3411
0.4510
-0.6563
0.2012
-0.2155
0.1308
-0.1854
-0.3540
-0.8595
0.3741
0.8513
-0.2325
-0.9855
-0.7438
-0.4105
0.2480
0.0505
-0.3764
-0.3621
-0.0376
-0.4380
0.8886
-0.7647
0.5767
0.5332
-0.8444
-0.5281
-0.9828
-0.9367
-0.5306
0.2703
0.4456
0.2579
0.5505
-0.0651
-0.9969
0.0434
-0.6240
-0.8031
0.9328
0.0193
0.1863
-0.2665
-0.5678
-0.3309
-0.1687
0.1773
-0.5377
-0.9093
-0.7334
0.7380
-0.7338
-0.8334
-0.2873
-0.0741
0.7419
0.7509
-0.9724
0.4528
-0.4942
-0.6675
-0.1658
-0.9656
-0.6132
0.9652
0.4787
-0.1886
-0.7039
-0.8908
0.0215
-0.7001
-0.3233
0.9458
0.0441
0.0820
-0.6655
-0.0853
-0.8948
-0.1317
-0.8317
0.0989
-0.2166
-0.6873
0.0725
0.1449
-0.0770
-0.9569
-0.8977
0.8504
-0.8703
0.2252
-0.6107
-0.7844
-0.0376
-0.4130
-0.9958
-0.8648
0.8219
-0.5204
0.1657
-0.5630
-0.8631
-0.6501
-0.9823
-0.1272
0.3546
-0.5054
0.9473
-0.2319
-0.7067
-0.6101
0.2181
-0.2778
0.9444
-0.9605
-0.2160
-0.3823
-0.3003
-0.1962
-0.0661
0.2692
0.6914
0.6429
-0.0740
-0.4132
-0.8430
0.4537
-0.3526
-0.1848
-0.1887
-0.9347
-0.2848
-0.6331
0.1822
-0.5529
-0.3552
0.9996
-0.2764
