21
0
0.0351
-0.2979
-0.9531
-0.0365
-0.9046
-0.1707
-0.3213
-0.3029
0.2333
-0.9559
-0.3124
0.0572
-0.0052
-0.2225
-0.0288
-0.8403
0.4793
0.3696
-0.8922
-0.9052
-0.1638
0.1145
-0.7133
0.5026
-0.9475
0.3700
-0.2035
0.3479
-0.5559
0.3670
-0.0176
-0.7123
-0.8474
0.0858
-0.2255
0.6664
-0.0032
0.4942
-0.4719
-0.2127
0.6408
0.6221
0.1716
-0.7185
-0.9540
-0.2771
-0.5534
-0.2217
0.7208
0.2105
-0.0850
-0.4731
0.2444
-0.9311
0.6869
0.1292
-0.6081
-0.9168
-0.8118
-0.0918
-0.7531
0.9919
-0.2768
-0.1408
0.9502
0.4617
-0.8474
-0.4640
0.8111
-0.3713
-0.5302
-0.0089
0.8132
-0.3044
0.0119
-0.1554
0.0710
0.9275
-0.1391
-0.1861
-0.7127
-0.3128
0.1059
-0.6019
0.0730
0.5940
-0.2457
-0.4455
0.4887
0.1709
-0.0986
0.0446
0.2527
-0.2323
-0.0544
-0.7552
-0.9012
-0.6414
0.2446
-0.9053
0.2366
0.3406
-0.4475
-0.8491
-0.0646
0.4224
0.4478
0.2945
-0.6926
0.1763
-0.1515
-0.5407
0.2503
-0.9339
-0.8082
0.1012
-0.4212
-0.7526
-0.0257
0.0337
0.2893
-0.6638
-0.5686
-0.1861
-0.4433
-0.8791
-0.3639
0.2421
-0.4838
0.3965
0.6255
0.8824
-0.2507
-0.2555
-0.7476
0.0418
-0.5615
0.4352
-0.7695
-0.5263
-0.0152
0.0908
-0.3595
