15
0
-0.1981
-0.1159
-0.0023
-0.6800
0.4484
0.2236
-0.0692
-0.5308
0.0050
-0.8551
-0.4611
-0.2120
-0.9084
-0.4898
-0.7996
-0.0255
-0.4183
-0.8440
-0.7753
-0.5935
0.7872
-0.3796
-0.9365
-0.0617
0.9228
-0.4970
0.1482
-0.7771
0.9954
-0.8624
-0.8251
-0.5418
0.2533
-0.3834
-0.8532
-0.9681
0.3828
-0.9049
-0.1125
-0.3739
0.6497
-0.3250
-0.7081
0.2112
0.7910
0.6881
0.3930
-0.3585
-0.4876
-0.8742
0.1899
-0.3780
-0.3860
-0.2427
0.8882
0.0977
0.2321
-0.3159
-0.5398
-0.3973
-0.1379
-0.2966
0.0440
0.7453
0.9907
-0.2194
0.2395
0.9032
0.4661
0.2367
-0.9020
-0.1254
0.0151
0.7185
-0.9048
-0.8859
0.7763
-0.7196
0.1427
-0.2094
0.0895
0.3243
-0.3745
-0.3035
-0.3140
-0.9074
-0.7930
0.1219
-0.4784
0.0942
-0.0843
0.6769
-0.4969
0.8199
-0.2527
-0.9922
-0.8651
-0.1670
0.2334
0.4964
-0.8305
-0.2228
0.1646
-0.2197
-0.3302
0.5577
-0.6953
-0.6449
0.5684
0.8205
0.1144
-0.3069
-0.5742
-0.4284
0.8284
-0.6731
-0.8839
-0.6160
-0.6032
-0.5772
-0.6254
-0.9204
0.7410
-0.0304
-0.5577
-0.5425
0.3627
-0.8288
0.1747
0.1266
-0.8961
-0.7414
0.2474
-0.0043
-0.7615
-0.6753
-0.0653
-0.5665
-0.5364
-0.1532
0.9711
0.9925
-0.6480
