26
0
0.3399
-0.6314
-0.2215
-0.7250
0.9414
-0.0605
0.1323
0.1380
-0.9384
0.1811
-0.2834
-0.5652
0.6031
0.3388
0.0808
-0.7041
-0.8362
0.6573
0.5053
-0.4797
0.0197
-0.3502
-0.2723
0.8726
0.1362
-0.1036
0.7867
-0.8912
-0.0535
-0.6432
-0.4608
0.9636
-0.9249
0.5418
-0.4895
-0.7353
-0.7644
-0.0431
0.8655
-0.1484
-0.6697
-0.8988
-0.3026
-0.1968
-0.8674
-0.9947
-0.6680
-0.4726
0.9622
0.1453
-0.8350
-0.5500
-0.3992
-0.5776
-0.9297
-0.3592
0.2077
-0.9373
0.3876
-0.7979
-0.3309
-0.1509
0.0365
0.2249
0.0336
-0.1993
0.7646
0.2436
-0.4874
-0.9951
0.1227
0.2522
-0.6856
0.2705
0.0220
0.0809
0.1740
-0.0301
0.9563
-0.4389
-0.8575
-0.3702
0.0240
-0.8914
0.2483
-0.8075
0.9999
0.0627
0.0573
-0.7696
-0.6224
-0.7756
-0.6385
-0.0706
0.1696
0.2713
0.8352
-0.3866
-0.8746
-0.4468
-0.7099
0.0731
0.4777
-0.8388
-0.1854
-0.7871
-0.7233
-0.6721
0.2592
0.2413
0.0233
-0.0996
-0.4320
0.3404
0.7662
-0.6296
-0.7345
0.2535
-0.8220
-0.2418
0.5371
0.3237
-0.4730
-0.4236
0.2565
-0.0047
-0.9885
-0.2340
0.3095
-0.0290
-0.9005
-0.2295
-0.1736
0.2056
-0.2129
0.3811
-0.6499
0.2525
0.9697
-0.3300
0.0451
-0.3940
0.7162
