0
808
-0.9959
0.8467
-0.3666
-0.3500
0.9169
0.5724
0.1478
-0.0642
-0.3038
-0.5536
-0.4295
-0.1855
-0.6719
0.6827
-0.0039
-0.9509
-0.7005
0.1942
-0.5173
-0.4564
0.2391
0.4604
-0.6098
-0.9847
-0.9708
0.2382
0.7421
0.8716
0.9718
0.9895
-0.4553
-0.8274
0.4771
0.1538
-0.8131
0.9912
-0.4333
-0.3701
0.7035
-0.0106
-0.1297
-0.6189
0.1322
0.0333
0.7673
-0.5336
0.5141
-0.2289
-0.1747
-0.3132
-0.4453
-0.2356
0.2662
0.2757
-0.9963
0.2859
-0.1277
-0.0259
-0.2471
-0.9222
0.2316
-0.6965
-0.7810
-0.8158
-0.9712
0.0106
-0.0960
-0.1058
0.9264
-0.7352
-0.2554
-0.6195
0.5890
-0.3271
-0.5630
0.5350
0.5006
0.1101
-0.5607
-0.6452
0.9629
0.2623
-0.5916
0.9954
0.8756
0.1840
-0.5034
-0.2624
0.3931
-0.3692
0.6944
0.2439
-0.5374
0.1323
-0.4463
-0.8462
0.6118
-0.7918
-0.7071
0.6541
-0.5167
0.1115
-0.5361
-0.0342
-0.7296
-0.0070
0.3977
-0.7694
0.1673
-0.7614
-0.4979
-0.1255
-0.3076
0.9072
-0.3730
-0.4171
-0.3223
0.5573
-0.4903
0.6512
-0.6014
0.3290
-0.0839
0.8636
-0.7645
-0.5233
-0.6345
0.5574
-0.5969
0.2052
-0.2650
-0.8850
0.6941
-0.8276
0.3966
-0.6570
0.1107
0.0191
0.8007
0.1337
0.5457
0.2287
-0.2247
