30
0
0.8687
0.1121
0.2395
-0.1782
-0.3018
0.0729
-0.1972
-0.9070
-0.9360
-0.1161
-0.6766
-0.9633
-0.5171
0.7479
-0.1525
-0.9977
0.3577
0.9288
0.0377
-0.1512
-0.8965
0.6116
0.7938
-0.5719
0.8700
-0.1315
-0.9828
-0.6800
-0.5075
-0.3816
0.3975
-0.3530
0.3715
-0.6850
-0.2822
0.1417
-0.3420
-0.6704
0.9411
-0.2127
0.4870
-0.5284
-0.0438
0.8197
-0.8107
0.3342
-0.7339
0.6878
0.5654
0.3112
-0.0751
-0.7925
-0.2965
0.8468
-0.2097
-0.5561
0.1494
0.5497
-0.0019
0.0648
-0.0448
-0.3283
0.0823
0.0857
0.2172
-0.6326
-0.2642
-0.2517
-0.7896
-0.9340
-0.5784
0.2823
-0.0812
-0.5223
0.1687
0.9736
-0.2713
0.3530
-0.2546
-0.9465
-0.0866
-0.1622
-0.7614
-0.2282
0.0181
-0.7788
0.4750
-0.8144
0.0939
-0.6334
-0.5447
-0.9295
-0.2015
-0.0133
0.1115
-0.7902
0.1284
-0.2484
-0.2274
-0.2536
-0.3093
0.2651
0.2210
-0.2562
-0.3805
0.4951
-0.9980
-0.0816
0.1065
-0.3308
-0.3201
0.0746
-0.5353
-0.6922
-0.0461
0.0959
-0.0733
-0.1460
0.0325
0.0878
-0.0572
-0.5793
0.0103
-0.3246
-0.3433
-0.5205
0.7258
-0.7143
-0.2143
-0.6931
-0.8078
-0.0296
-0.8619
0.1821
0.0089
-0.8483
-0.1927
0.8574
0.1046
0.0805
0.0324
0.5268
-0.2897
