14
0
-0.6666
0.3860
-0.5189
-0.3434
-0.6107
0.2344
0.0220
-0.6283
-0.3907
-0.5352
0.4384
0.6316
-0.9169
-0.0764
-0.8554
-0.9216
-0.3469
-0.2924
-0.1516
-0.4292
0.4349
-0.6884
0.4560
0.4111
-0.1168
-0.5218
0.9938
-0.8816
-0.5641
-0.2832
-0.4311
-0.5565
-0.9518
-0.1633
0.5629
-0.2272
0.3918
-0.2444
-0.0890
-0.9998
-0.6920
0.2326
-0.0453
-0.9667
-0.6221
-0.5168
0.9805
-0.0668
0.0647
-0.1387
0.2709
0.5930
-0.0643
-0.4799
-0.8181
0.0631
-0.6903
-0.3774
-0.4519
-0.9731
-0.6521
-0.8809
0.3471
-0.1092
-0.4055
-0.5960
0.5688
-0.3645
-0.2929
-0.2730
-0.4403
0.1879
0.1528
-0.0797
-0.9176
0.6745
0.0729
0.2549
-0.2276
0.6979
0.4140
-0.7993
0.9891
0.7411
0.1898
-0.3711
0.1112
-0.3476
-0.2885
-0.1990
0.2726
-0.1767
0.5709
-0.2277
0.5440
-0.5389
0.1252
-0.6587
0.1107
-0.3259
0.6513
-0.8106
-0.6119
-0.7827
0.4550
0.0296
-0.3729
-0.6586
-0.3095
0.3834
0.6281
-0.5787
0.0967
0.0179
0.7141
-0.7456
-0.9781
-0.8476
-0.5251
-0.7403
0.0047
0.2541
0.1569
-0.8118
0.4978
-0.9597
-0.0060
0.3633
-0.8278
0.3185
0.7222
-0.0625
-0.4420
-0.2084
-0.3470
0.3516
-0.2646
-0.0756
-0.7912
-0.8371
-0.9524
-0.6553
-0.6146
