17
0
-0.4954
-0.0877
0.2177
-0.0602
-0.7468
0.1575
-0.3443
0.3182
-0.1504
-0.6338
0.0760
-0.2020
-0.4697
0.4720
0.1548
-0.8699
-0.3616
0.5928
-0.9259
-0.2191
0.0800
-0.3302
-0.4983
-0.8555
-0.4773
0.7896
0.3334
0.9826
-0.6004
0.2432
-0.1606
0.1371
0.7127
0.0792
0.2249
0.4108
0.4397
-0.5828
-0.8181
0.6585
0.0752
-0.3369
0.1236
-0.0587
-0.9353
-0.8752
-0.7240
0.6613
0.5555
-0.7225
-0.8978
0.3588
0.4371
-0.3327
0.0660
0.8312
-0.9050
-0.3872
-0.5580
-0.1468
-0.4256
0.8918
-0.1787
-0.1809
-0.2978
-0.1349
-0.0683
0.1573
0.1677
-0.0515
-0.8570
0.6061
0.3591
-0.8552
0.1974
-0.5221
0.1728
-0.3737
-0.9821
0.1703
-0.3648
-0.0455
-0.2417
-0.8867
-0.0430
0.7591
-0.7391
-0.6058
0.9660
-0.8604
0.2380
0.8199
0.5392
-0.0650
0.8339
-0.0647
0.0867
-0.9211
0.5165
0.8025
-0.3365
-0.9390
0.0454
0.5681
0.2991
-0.7158
0.3142
-0.8234
-0.8023
0.2747
-0.1418
0.1507
-0.7217
0.5797
-0.3904
-0.3290
0.0259
0.4980
-0.1993
0.0633
0.4359
0.6286
-0.2345
0.4628
0.8197
0.4456
-0.0755
0.1633
0.8846
0.3774
0.3194
-0.0240
0.3041
-0.0030
-0.4652
-0.1268
0.0046
0.5717
-0.9011
-0.0178
-0.2597
0.1940
0.1368
