8
0
0.2559
-0.9187
-0.9484
-0.8372
-0.0671
0.6106
-0.1545
0.7254
0.1251
0.7887
0.3077
-0.7103
0.2657
-0.7464
-0.2660
0.0226
-0.0728
0.0000
0.6604
0.2426
0.5225
-0.3547
-0.2036
-0.1802
-0.8084
0.1563
0.0394
0.2419
-0.3258
-0.4876
-0.5944
0.0422
-0.1170
0.1854
-0.2523
-0.2021
-0.3444
-0.4979
0.1145
-0.6213
0.2323
-0.4805
-0.5467
-0.5420
0.7218
-0.7987
-0.0630
-0.1164
0.6373
0.0536
-0.8550
-0.2283
0.0625
0.1412
0.8076
-0.4192
-0.0273
0.4911
0.3891
-0.6965
-0.5752
-0.3019
0.0209
-0.1147
-0.6269
0.9519
0.9352
0.1395
-0.8997
-0.3591
0.1266
-0.9732
-0.8076
-0.0327
0.2385
-0.1726
-0.1873
-0.7652
-0.7671
-0.8174
0.1596
-0.6461
-0.3923
-0.6818
0.8015
-0.4993
0.2295
0.2120
-0.5034
0.1976
0.5468
-0.9982
-0.7478
-0.1388
-0.0897
-0.4364
-0.7227
0.3766
0.9989
-0.7010
-0.8013
-0.2267
-0.6007
-0.2338
0.8108
-0.6353
-0.7695
-0.1452
-0.7808
-0.5298
-0.4607
-0.8444
-0.7340
0.1897
0.8942
-0.6660
0.5420
-0.6946
-0.9706
0.6935
-0.0183
-0.0065
-0.8211
0.8801
0.6229
-0.1318
-0.8133
-0.4420
0.9725
-0.1283
-0.7547
-0.3774
-0.0993
-0.4070
-0.5432
-0.1556
-0.2813
-0.6392
0.4718
-0.1070
-0.5297
0.8010
-0.8358
