19
0
-0.6858
0.8466
0.2195
-0.4577
0.7873
0.2238
-0.5651
-0.0131
0.4479
-0.9451
0.9428
0.9700
0.1086
-0.9314
-0.1339
-0.2107
0.4055
-0.0227
0.7367
0.2947
0.2452
0.3144
-0.5049
-0.1948
-0.3281
-0.0805
-0.5952
0.8839
-0.3011
-0.9300
-0.2946
-0.8904
-0.5749
0.4321
0.1475
-0.2079
-0.0633
-0.4032
0.1545
0.7716
-0.8542
-0.3481
-0.2904
-0.3865
0.3861
-0.9986
-0.2246
-0.1330
0.8290
-0.5015
-0.2722
-0.5329
0.4156
-0.7870
-0.3429
0.8834
0.1354
-0.1657
-0.8571
-0.3304
0.0423
-0.1200
-0.0284
-0.3410
-0.5778
-0.2428
0.1523
0.4322
-0.9292
-0.3252
-0.7098
-0.0539
-0.4554
-0.5272
-0.5136
-0.6479
0.1109
-0.1599
0.1603
-0.7236
-0.6785
0.9598
0.2425
-0.6866
0.8752
0.1435
-0.5900
-0.3792
-0.0135
-0.6153
0.7041
-0.3099
-0.7073
-0.0340
0.9282
-0.8643
0.9191
-0.8603
0.6539
-0.0408
-0.0975
-0.0309
-0.3187
0.7496
0.3618
0.8000
-0.6478
-0.0630
0.6791
-0.7216
0.2056
-0.1641
-0.3689
-0.4028
-0.6078
-0.8955
-0.0936
-0.1991
-0.3429
0.1267
-0.2844
-0.4207
-0.8420
-0.7211
0.1613
-0.8791
-0.5377
0.5901
-0.5857
-0.5430
-0.8843
-0.3045
-0.7163
0.1891
-0.9818
-0.5610
-0.5233
-0.6313
-0.1865
-0.6085
-0.9902
-0.2381
0.3313
