16
0
-0.6996
-0.5676
-0.5097
0.3820
0.0189
-0.6708
-0.9270
-0.9410
-0.2361
-0.5399
-0.0996
-0.1460
-0.2027
-0.8578
0.0131
-0.0318
-0.5394
-0.6780
-0.8729
0.7358
0.2219
-0.6245
0.3024
0.8334
0.0718
-0.9228
-0.4444
-0.2916
-0.5200
-0.7154
-0.5552
-0.0697
-0.5285
-0.7041
0.5156
-0.2028
-0.6726
0.2134
-0.2108
0.1317
-0.7185
-0.6241
-0.8036
-0.0791
-0.6653
-0.2970
-0.8587
0.1813
0.9603
-0.9409
-0.5371
-0.0656
0.1416
-0.3515
0.1227
0.6133
-0.0361
-0.9406
-0.0261
-0.2796
0.1387
-0.6033
-0.0585
-0.7078
-0.9616
0.7996
-0.5665
0.1587
-0.6286
-0.3854
0.7849
-0.4019
-0.0779
-0.4809
-0.0875
0.0991
-0.9594
-0.8558
-0.8677
0.0617
-0.9263
-0.0625
-0.0186
-0.0194
-0.3276
0.0293
-0.1404
0.0927
-0.1452
-0.0330
-0.5954
-0.7158
-0.5617
0.4663
-0.1818
0.2643
-0.9230
0.4721
-0.6929
-0.3503
-0.1332
-0.7960
-0.1343
-0.9699
0.3426
-0.5382
-0.1876
-0.6378
0.0900
-0.5175
-0.9059
-0.7256
-0.0352
-0.9924
-0.7569
-0.5426
0.2678
0.8067
-0.5340
-0.3210
-0.3188
0.2554
-0.8683
-0.9723
0.0994
0.5968
-0.5851
0.0922
-0.6072
-0.2840
-0.5284
-0.0233
0.1743
-0.8353
-0.8685
0.0541
-0.9634
0.5423
-0.6836
0.3767
-0.6970
-0.9228
-0.1244
