6
0
-0.1679
0.8745
-0.2372
0.3198
0.0919
-0.5181
-0.9529
-0.6099
-0.0650
-0.4224
-0.2620
0.1021
0.1205
0.9242
-0.2732
-0.2248
0.0704
0.5818
-0.5529
-0.2658
-0.7218
-0.3087
0.8514
-0.1933
-0.8606
-0.9308
-0.2656
-0.7020
0.2447
0.2919
-0.8714
0.7856
-0.7393
-0.3218
0.9756
-0.7788
-0.2059
0.7840
-0.7576
0.3463
-0.0366
0.8653
-0.8195
-0.9224
-0.5419
0.4481
0.4036
-0.5163
0.2118
0.1049
-0.2407
-0.4355
0.4053
0.8086
-0.6678
0.3287
-0.9666
-0.9297
-0.1092
-0.9851
-0.1840
-0.5972
-0.1585
0.5492
0.0238
-0.3471
-0.3390
-0.3595
-0.5258
-0.3785
0.4249
-0.0559
-0.1440
0.1313
-0.0258
-0.0297
0.0681
0.1901
-0.2329
-0.7206
0.3281
0.7338
-0.0425
0.0826
-0.8447
0.9353
-0.2970
-0.8065
-0.8175
0.1175
-0.4795
-0.4147
-0.6551
-0.1911
0.0573
0.3604
-0.6874
-0.8487
-0.9736
0.0520
0.1888
-0.3567
-0.6397
-0.2319
0.0170
-0.2939
-0.4367
0.8835
-0.8167
-0.8986
-0.9405
0.0848
0.6856
-0.5741
-0.3513
-0.8836
-0.7973
0.5907
0.1183
0.5426
-0.5725
-0.3231
-0.6172
-0.7882
-0.9566
-0.3065
0.0458
0.2298
-0.6385
-0.8177
-0.7515
-0.5323
0.2300
0.7925
-0.0244
-0.2064
-0.2762
-0.1472
0.1918
0.8419
-0.0051
-0.6797
0.8546
