1
0
-0.9253
-0.3101
-0.1058
-0.7704
-0.5527
-0.2759
-0.2144
0.6709
-0.4087
0.4452
-0.3107
-0.8825
-0.0644
0.9972
-0.4174
0.8147
-0.8114
0.7283
-0.8523
0.9612
0.4894
0.0853
-0.0969
0.9999
0.0896
-0.0047
-0.5530
0.4222
-0.9025
-0.5745
0.9942
-0.9584
-0.1881
-0.3934
-0.6464
-0.8346
0.1474
0.3064
0.0651
-0.7615
-0.5696
0.0047
-0.8181
0.2610
-0.7171
-0.8566
-0.3065
-0.0430
-0.3714
0.6405
-0.4769
-0.7277
-0.5380
0.7173
0.8782
-0.3306
-0.2652
-0.0301
0.9164
-0.9697
0.4190
-0.1781
0.9879
0.2951
-0.6387
-0.5232
-0.2188
-0.4592
0.2646
0.2147
-0.9200
-0.7106
0.2596
0.1043
-0.9236
-0.6365
0.8747
-0.9161
-0.9480
-0.9189
0.5644
0.0346
0.3294
-0.1702
-0.7975
0.4789
-0.6045
0.1955
-0.7014
0.2788
0.5610
0.6874
-0.1298
-0.8942
0.4442
0.0188
-0.1802
-0.1706
-0.1440
0.1998
-0.9138
-0.8702
0.2232
-0.7053
0.2077
0.6233
0.2152
-0.8990
-0.8368
-0.8254
-0.7603
0.2615
0.0834
0.5754
-0.4389
-0.1463
-0.1922
0.1134
-0.6785
-0.5860
-0.1848
-0.9783
-0.9305
-0.5768
0.3513
-0.7733
0.8868
-0.9863
0.1577
0.5723
-0.2193
-0.8152
0.4114
-0.9729
0.9418
-0.9910
0.8307
-0.2871
-0.6968
0.6872
-0.3342
0.9587
-0.8305
