18
0
0.0926
0.2664
-0.8531
0.5252
0.2300
-0.8014
-0.7386
0.1523
-0.1670
0.2095
-0.5434
-0.2259
0.4578
-0.8558
-0.9371
0.1014
0.9494
0.2184
0.0973
-0.7616
-0.7694
-0.7701
-0.2785
-0.8357
-0.8366
0.8761
0.4626
0.2030
0.2516
0.3940
-0.0611
0.0870
0.9598
-0.2006
0.6999
0.2926
-0.4925
-0.5496
-0.5859
-0.3904
-0.8382
0.1483
-0.3244
-0.4229
-0.6193
0.5031
-0.3824
0.9910
-0.1257
0.0524
-0.2892
0.7027
-0.5570
-0.2923
-0.7877
-0.2088
-0.7829
0.4931
-0.0810
-0.7366
-0.6138
0.7818
-0.6922
-0.9990
0.9184
0.6569
0.4845
-0.1419
-0.8108
0.2016
-0.1296
0.1974
0.5901
0.4221
0.0960
0.5583
-0.4087
0.0856
-0.5878
0.2153
-0.9668
-0.3616
-0.0629
-0.5992
-0.1992
-0.6827
-0.8425
-0.4942
0.2699
0.1559
-0.9540
-0.3263
0.7881
0.1406
0.2755
-0.7562
-0.5461
-0.7988
-0.8745
0.8897
0.3672
0.4417
0.6505
-0.6018
-0.6172
0.2253
-0.9390
-0.0462
0.9239
-0.7925
-0.8518
0.1495
-0.6033
0.7148
0.2105
0.9556
-0.3000
-0.0335
-0.0707
-0.8815
0.1562
0.2429
-0.0884
0.8170
0.9572
0.5130
-0.8502
-0.3967
0.4680
-0.7301
-0.9636
0.2425
0.1879
0.2738
-0.0754
0.6272
-0.2258
-0.8796
-0.7438
-0.5364
0.5441
-0.8087
-0.1526
