28
0
0.2320
-0.0410
0.7751
0.2152
0.0582
-0.1478
-0.1918
-0.1875
0.2869
0.0502
-0.8909
-0.4791
0.1905
-0.1203
0.0115
0.2243
-0.1123
0.5285
-0.2117
-0.5540
0.2493
-0.6241
0.1337
-0.2628
0.1902
-0.5575
-0.2685
-0.2575
0.9428
0.1075
-0.5045
-0.3659
0.1653
0.0210
-0.7404
-0.7409
-0.8155
-0.8734
-0.3900
0.8605
-0.5408
-0.3393
-0.1477
-0.2223
-0.6497
0.0597
-0.9629
-0.5831
-0.8443
-0.4826
-0.4088
-0.8700
-0.3303
0.7852
0.1385
0.5217
0.7322
-0.9632
0.2896
-0.6998
-0.7602
-0.7974
0.0287
-0.2846
-0.3589
-0.7430
0.0939
0.0218
0.3417
-0.2713
-0.2355
-0.8806
-0.3609
-0.0106
0.1558
-0.6850
-0.4931
-0.3283
-0.6077
-0.8098
0.8034
-0.7832
-0.4558
-0.8205
-0.7936
-0.3461
-0.2124
-0.7561
-0.0427
-0.7367
-0.7548
0.9517
-0.0501
-0.6411
-0.0330
0.1985
-0.6646
-0.8184
-0.8301
-0.7376
-0.6965
0.0498
-0.0828
-0.8053
-0.7248
-0.0444
0.0813
-0.6792
-0.4685
-0.3555
-0.8899
-0.2886
-0.8515
-0.5069
0.3138
0.0306
0.9240
-0.2860
-0.9566
0.4517
0.8711
-0.2450
-0.2041
0.6464
0.7668
-0.2388
-0.7013
-0.4454
-0.7926
-0.7102
-0.2411
-0.9063
0.0420
0.4395
0.7314
-0.9768
-0.6235
0.0752
-0.7609
-0.7705
-0.2294
0.1420
0.5174
