20
0
-0.6236
0.8223
-0.3393
0.2074
-0.9210
-0.7401
0.2518
-0.6860
0.7103
-0.2755
-0.5743
-0.7784
-0.6643
0.8037
-0.4635
-0.2627
-0.9603
-0.2952
0.5124
-0.9640
0.4126
-0.8360
0.0119
0.8228
-0.5259
-0.4729
0.3948
-0.2850
0.2739
0.0229
-0.9391
-0.5260
-0.6236
-0.0551
-0.2654
0.0000
-0.2071
0.1458
0.3102
-0.6192
-0.9240
-0.7794
0.4993
-0.1528
-0.3071
0.8634
0.6766
-0.5047
-0.1147
0.1851
-0.7861
-0.7725
-0.3613
0.1101
-0.9006
-0.8887
-0.7517
0.0234
-0.8252
-0.1772
-0.7274
0.1709
0.9601
0.7755
-0.5939
0.3223
-0.3722
0.0913
-0.5975
0.7538
-0.3658
0.0160
0.0883
-0.6635
-0.8596
-0.7259
-0.5266
-0.6585
-0.2705
0.9035
-0.5558
-0.0825
0.1527
0.5117
-0.9351
-0.3637
0.9040
-0.3386
0.8295
-0.8473
-0.1076
0.7771
0.1382
-0.7151
0.6462
0.8764
-0.1657
0.2211
-0.9788
0.0886
-0.9872
-0.5184
0.0196
0.4812
-0.1110
-0.0869
-0.0773
0.4312
-0.5670
-0.2732
0.1553
0.9548
0.4499
-0.3100
-0.2159
-0.9346
0.2570
-0.1349
0.8152
-0.1532
0.3626
-0.5304
-0.2964
-0.4549
-0.8279
-0.7207
-0.4657
-0.9265
0.3131
-0.3261
-0.8557
0.7382
-0.0731
-0.2076
-0.8272
-0.4611
-0.0972
0.2183
0.9685
0.4936
0.1423
-0.5335
0.0476
