13
0
0.1489
-0.7666
0.1485
-0.5253
-0.9822
-0.0410
-0.8546
0.3067
-0.5048
0.6211
0.6368
0.2002
-0.8402
0.2480
-0.3684
-0.9807
-0.4462
0.0195
-0.0029
-0.9093
0.1497
-0.3265
-0.4773
-0.1556
-0.8671
-0.2854
-0.2954
0.3385
0.1110
0.4411
-0.4183
-0.3686
0.3017
-0.6137
0.0379
-0.8026
-0.8610
-0.5796
0.2429
-0.3906
0.4677
0.7261
0.5209
-0.3604
-0.3956
-0.1681
-0.3411
-0.3379
-0.5837
-0.0221
-0.5478
0.9549
-0.4544
0.5974
-0.3496
0.1874
0.7603
-0.2411
0.0589
-0.8356
0.0060
-0.9851
-0.4898
-0.9781
0.3532
-0.3487
-0.7708
-0.8383
-0.5846
0.2053
-0.5053
-0.9879
0.0039
0.3339
-0.0681
0.5625
-0.2541
-0.3308
0.5104
-0.9644
-0.5678
-0.1142
0.7679
-0.9517
-0.2871
0.3203
0.0849
0.9445
-0.4738
0.3528
-0.6212
-0.0716
0.6431
0.7543
-0.4040
-0.4246
0.2241
-0.3610
-0.6288
0.1332
-0.0148
-0.5591
-0.7687
0.5126
-0.5164
-0.5995
-0.1790
-0.5121
-0.0468
0.0262
-0.8564
-0.5297
-0.0170
0.8638
-0.2597
0.0790
0.2398
-0.0401
0.8462
-0.9554
0.9096
0.2619
-0.1524
0.1771
-0.6905
-0.1062
-0.9824
0.1922
0.7567
-0.9124
-0.1466
-0.5144
-0.2835
-0.3185
-0.8378
-0.1987
-0.7914
-0.3293
-0.3967
0.4360
-0.1219
0.9356
0.0649
