11
0
-0.8179
0.3006
-0.5584
-0.0614
-0.0723
0.0368
-0.6014
-0.8088
0.1686
-0.5855
0.5870
0.0713
0.2848
0.2679
0.3886
0.4801
-0.2317
-0.8086
-0.1235
0.6523
0.5117
0.0164
0.0702
-0.8815
-0.3742
-0.3355
-0.1522
-0.0916
0.2835
0.1289
-0.4809
0.2636
-0.1598
-0.3026
0.8886
0.1578
0.1108
-0.8144
-0.9569
0.7228
-0.2664
-0.1673
-0.1105
0.1113
-0.7944
-0.4811
0.8035
-0.0610
-0.6322
-0.3032
-0.9081
-0.4400
-0.4135
-0.1657
0.9969
-0.5118
-0.8689
0.1755
0.6224
-0.6119
-0.3436
0.0491
-0.3201
0.3310
0.0748
-0.3620
-0.1794
0.1876
0.7886
0.1784
0.8323
-0.3172
-0.9573
0.5935
0.5932
0.1525
-0.1075
-0.1764
-0.6152
-0.5769
-0.3438
0.1802
-0.8233
-0.3806
0.4347
0.0470
0.2720
-0.1694
0.4336
-0.7434
0.1410
-0.5578
-0.6841
0.4026
-0.2756
-0.5103
0.0405
0.0946
-0.3056
-0.2464
-0.9501
-0.5391
0.0789
-0.4946
-0.4956
-0.0943
-0.9395
0.8197
0.1831
0.8278
-0.8777
-0.4939
0.1160
-0.8169
0.0486
-0.2726
-0.4308
-0.9574
0.6577
-0.2599
-0.0915
-0.8449
-0.4117
0.3978
0.1618
-0.1375
0.1142
0.8349
0.5474
-0.5448
-0.3884
-0.9066
-0.4454
0.2562
0.8255
0.3291
-0.0930
-0.3293
-0.8710
0.5264
0.7629
-0.3222
0.1191
